1 3 3 2
1 3 3 2
1 3 3 2
1 3 3 2 2
1 3 3 2
1 3 3 2
1 3 3 2
1 3 3 2
1 3 3 2
1 3 3 2
1 3 3 2
1 3 3 2 2
1 3 3 2
1 3 3 2
1 3 3 2
1 3 3 2 2
1 3 3 2
1 3 3 2
1 3 3 2
1 3 3 2
1 3 3 2
1 3 4 2
1 3 4 2
1 3 4 2
1 3 4 2
1 3 4 2
1 3 3 2
1 3 2
1 3 2
1 5 2
1 5 2 2
1 5 2
1 5 2
1 5 2
1 5 2
1 5 2
1 5 2
1 5 2
1 5 2
1 5 2
1 5 2
1 5 2
1 5 7 2
1 5 2
1 5 2
1 5 2
1 5 2
1 5 2
1 5 2
1 5 2
1 5 2
1 5 2
1 5 2 2
1 3 2
1 3 2
1 3 2
1 3 3 2
1 3 2
1 3 2
1 3 2
1 3 2
1 3 2
1 3 2
1 3 2
1 3 2
1 3 2
1 3 2
1 3 2
1 3 2
1 3 2
1 3 2
3 3 7 2
3 3 2
1 3 3 2
1 3 3 2
1 3 3 2
1 3 3 2 2
1 3 3 2
1 3 3 2
1 3 3 2
1 3 3 2 2
1 3 3 2
1 3 3 2
1 3 3 2
3 3 2
1 3 4 2
1 3 4 2
1 3 4 2
1 3 4 2
1 3 2 2
1 3 2
1 3 2
1 3 2
1 5 2
1 5 7 2
1 5 2
1 5 2
1 5 2
1 5 2
1 5 2
1 5 2 7
1 5 7 7
1 5 2 7
1 3 2
1 5 2 2
1 5 2
1 5 2
1 5 2
1 5 2
1 5 2
1 5 2
1 5 2
1 5 2
1 5 2
1 5 2
1 5 2
1 5 2 2
1 3 2 7
1 3 2 7
1 3 2
1 3 2 2
1 3 2
1 3 2
1 3 2
1 3 2
1 3 2
1 3 2
1 3 2
1 3 2
1 3 2
1 3 2
1 3 2
1 3 2
1 3 2
1 3 2
1 3 2
1 3 2
1 3 2
1 3 2
1 3 2
1 3 2
1 3 2
1 3 2
1 3 2
1 3 2
1 3 3 3 4
1 3 3 3 4
1 3 3 3 4
1 3 3 3 2
3 3 3 2
3 3 3 2
1 3 3 3 2
1 3 3 3 2
1 3 3 3 4
1 3 3 3 4
1 3 3 3 4
1 3 3 3 4
1 3 3 3 2
1 3 3 3 2
3 3 3 2
3 3 2
1 3 3 3 2
1 3 3 3 4
3 3 3 4 3
1 3 3 3 4
3 3 3 4 3
1 3 3 3 4
1 3 3 3 2
1 3 3 3 2
1 3 3 3 2
1 3 3 3 2
1 3 3 3 2
1 3 3 3 3
1 3 3 3 3
1 3 3 3 3
1 3 3 3 3
1 3 3 3 3
1 3 3 3 3
1 3 3 3 3
3 3 3 3 2
3 3 3 3 2
3 3 3 3 2
3 3 3 3 2
1 3 3 3 3
1 3 3 3 3
1 3 3 3 3
1 3 3 3 4
1 3 3 3 4
1 3 3 3 4
3 3 3 4 3
3 3 4 3 2
3 3 4 3 2
3 3 3 3 2
1 3 3 3 3
1 3 3 3 3
3 3 3 3 7
3 3 3 3 2
3 3 3 3 2
3 3 3 3 2
3 3 3 3 2
3 3 3 3 2
3 3 3 3 2
3 3 3 2 2
3 3 3 3 2
3 3 3 2
1 3 3 3 3
3 3 3 3 2
3 3 3 3 2
3 3 3 3 2
3 3 3 3 2
3 3 3 3 2
3 3 3 3 2
3 3 3 4 2
3 3 3 4 2
3 3 3 2 3
3 3 2
3 3 2
1 3 3 3 2
1 3 3 3 2
3 3 3 4 2
1 3 3 3 4
1 3 3 3 4
3 3 3 2 2
3 3 3 2
3 3 3 2
1 3 3 3 2
1 3 3 3 2
3 3 3 3 2
1 3 3 3 7
1 3 3 3 4
1 3 3 3 4
1 3 3 3 2
1 3 3 3 2
1 3 3 3 2
1 3 3 3 2
1 3 3 3 2
3 3 3 2 2
3 3 3 4 2
3 3 4 2
1 3 3 3 4
1 3 3 3 2
1 3 3 3 4
1 3 3 3 4
1 3 3 3 4
1 3 3 3 4
1 3 3 3 2
1 3 3 3 2
1 3 3 3 2
1 3 3 3 2
1 3 3 3 2
1 3 3 3 3
1 3 3 3 4
1 3 3 3 4
1 3 3 3 4
1 3 3 3 2
1 3 3 3 2
1 3 3 3 2
1 3 3 3 2
1 3 3 3 2
1 3 3 3 2
1 3 3 3 4
1 3 3 3 4
1 3 3 3 4
1 3 3 3 4
1 3 3 3 4
1 3 3 3 4
1 3 3 3 2
1 3 3 3 2
1 3 3 3 2
1 3 3 3 2
3 3 3 2
3 3 3 2
3 3 3 2
3 3 3 2
3 3 3 2
3 3 3 2
1 3 3 3 3
1 3 3 3 3
1 3 3 3 3
3 3 3 3 2
3 3 3 3 2
1 3 3 3 3
1 3 3 3 3
3 3 3 3
3 3 3 3 2
3 3 3 3 2
1 3 3 3 3
1 3 3 3 3
1 3 3 3 3
3 3 3 3 2
3 3 3 3 2
3 3 3 3 2
3 3 3 4 2
3 3 3 4 2
3 3 3 4 5
1 3 3 3 4
1 3 3 3 4
3 3 3 4 5
1 3 3 3 4
3 3 3 4 3
3 3 3 2 3
1 3 3 3 2
3 3 3 2
1 3 3 3 2
3 3 3 2
3 3 3 2
3 3 3 2
1 3 3 3 3
1 3 3 3 3
3 3 3 3 4
1 3 3 3 3
1 3 3 3 3
3 3 3 3 4
1 3 3 3 3
1 3 3 3 3
1 3 3 3 3
1 3 3 3 3
1 3 3 3 3
1 3 3 3 3
1 3 3 3 3
1 3 3 3 3
1 3 3 3 3
1 3 3 3 3
3 3 3 3 2
3 3 3 3 2
3 3 3 3 2
3 3 3 3 2
1 3 3 3 3
1 3 3 3 3
1 3 3 3 3
1 3 3 3 3
1 3 3 3 3
1 3 3 3 3
1 3 3 3 3
1 3 3 3 2
1 3 3 3 3
1 3 3 3 4
3 3 3 4 2
1 3 3 3 4
1 3 3 3 4
1 3 3 3 4
1 3 3 3 4
1 3 3 3 4
1 3 3 3 2
1 3 3 3 2
1 3 3 3 2
1 3 3 3 2
3 3 3 4 2
3 3 3 4 2
3 3 3 4 2
1 3 3 3 4
1 3 3 3 2
1 3 3 3 2
3 3 3 2
3 3 3 2
3 3 3 4 2
3 3 3 2 2
1 3 3 3 2
1 3 3 3 2
1 3 3 3 2
1 3 3 3 2
1 3 3 3 4
1 3 3 3 4
1 3 3 3 4
1 3 3 3 4
1 3 3 3 3
1 3 3 3 4
1 3 3 3 4
1 3 3 3 2
1 3 3 3 2
1 3 3 3 2
1 3 3 3 3
1 3 3 3 2
1 3 3 3 3
1 3 3 3 3
1 3 3 3 3
1 3 3 3 3
1 3 3 3 4
1 3 3 3 4
1 3 3 3 4
1 3 3 3 2
1 3 3 3 2
1 3 3 3 2
1 3 3 3 2
1 3 3 3 2
1 3 3 3 2
1 3 3 3 2
1 3 3 3 2
1 3 3 3 2
1 3 3 3 2
1 3 3 3 2
1 3 3 3 2
1 3 3 3 4
1 3 3 3 4
1 3 3 3 4
1 3 3 3 4
1 3 3 3 4
1 3 3 4 2
1 3 3 4 2
1 3 3 4 2
1 3 3 2
1 3 3 2
1 3 3 2
1 3 3 2 7
1 3 3 2
1 3 3 4
1 3 3 2 2
1 3 3 2
1 3 3 2
1 5 2
