1 3 4 2
1 5 2
1 5 2
1 3 2
1 3 2
1 3 2
1 3 3
1 3 3
1 3 3 2
1 3 3 2
1 3 3 2
1 3 3 2
1 3 3 2
1 3 3 2
1 3 3 2
3 3 2
3 7 2
1 3 2
1 3 2
1 3 2
1 3 2
1 3 2
1 3 2
1 3 2
1 3 3
1 3 2
1 3 3
1 3 2
1 3 2
1 3 2
1 3 2
1 3 2
1 3 2
1 3 2
1 3 2
1 3 3
1 3 2
1 3 2
1 3 2
1 3 2
1 3 7
1 3 2
1 3 2
1 3 2
1 3 2
1 3 3
1 3 2
1 3 2
1 3 2
1 3 2
1 3 2
1 3 2
1 3 2
1 3 2
1 3 2
1 3 2
1 3 2
1 3 2
1 3 2
1 3 2
1 3 2
1 3 2
1 3 2
1 3 2
1 3 2
1 3 2
1 3 2
1 3 2
1 3 2
1 3 2
1 3 2
1 3 2
1 3 2
1 3 2
1 3 2
1 3 2
1 3 2
1 3 2
1 3 2
1 3 2
1 3 2
1 3 2
1 3 2
1 3 2
1 3 2
1 3 2
1 3 2
1 3 2
1 3 2
1 3 2
1 3 2
1 3 2
1 3 2
1 3 2
1 3 2
1 3 2
1 3 2
1 3 2
1 3 2
1 3 3
1 3 2
1 3 2
1 3 2
1 3 2
1 3 2
1 3 2
1 3 2
1 3 2
1 3 2
1 3 2
1 3 2
1 3 2
1 3 2
1 3 2
1 3 2
1 3 2
1 3 2
1 3 2
1 3 2
1 3 2
1 3 2
1 3 2
1 3 2
1 3 2
1 3 2
1 3 3
1 3 2
1 3 2
1 3 2
1 3 2
1 3 2
1 3 2
1 3 2
1 3 2
1 3 2
1 3 2
1 3 2
1 3 2
1 3 2
1 3 2
1 3 2
1 3 2
1 3 2
1 3 2
1 3 2
1 3 2
1 3 2
1 3 2
1 3 2
1 3 2
1 3 2
1 3 2
1 3 2
1 3 2
1 3 2
1 3 2
1 3 2
1 3 2
1 3 2
1 3 4
1 3 2
1 3 2
1 3 2
1 3 2
1 3 2
1 3 2
1 3 2
1 3 2
1 3 2
1 3 2
1 3 2
1 3 2
1 3 2
1 3 2 2
1 3 7 2
1 3 2
1 3 2
1 3 2
1 3 2
3 3 2
3 3 2
3 3 2
3 3 2
3 7 2
3 7 2
1 3 2
1 3 2
1 3 2
1 3 2
1 3 2
1 3 2 2
1 3 2
1 3 2
1 3 2
1 3 2
1 3 2
1 3 2
1 3 2
1 3 2
1 3 2
1 3 2
1 3 2
1 3 2
1 3 2
1 3 2
1 3 2
1 3 2
1 3 2
1 3 2
1 3 2
1 3 2
1 3 2
1 3 2
1 3 2
1 3 2
1 3 2
1 3 2 2
1 3 3
1 3 2
1 3 2
1 3 2
1 3 2
1 5 2
1 5 2
1 5 3
1 5 2
1 5 2
1 5 2
1 5 2
1 5 2
1 5 2
1 5 2
1 3 3 2
1 3 3
1 3 3
1 3 3 2
1 3 3 3
1 3 3 3
1 3 3 3
1 3 3 3
1 3 3 3
1 3 3 3
1 3 3 3
1 3 3 3
1 3 3
1 3 3
1 3 3
1 3 3
1 3 3
1 3 3 3
1 3 3 3
1 3 3 3
1 3 3
1 3 3
1 3 3
1 3 3 3
3 3 3 3
3 3 3 3
3 3 3 3
3 3 3 4
3 3 3 2
3 3 3 2
3 3 3 3
1 3 3 3
1 3 3
1 5 2
1 5 2
1 3 2
1 3 3
1 3 2
1 3 2
1 3 3
1 3 3
1 3 3 2
3 3 2
3 3 2 2
1 3 3 2
3 3 2
3 3 2
3 3 2
3 3 2
1 3 3
1 3 3
1 3 2
1 3 2
1 3 2
1 3 2
1 3 2
1 3 2
1 3 2
1 3 2
1 3 2
1 3 3
1 3 2
1 3 3 2
1 3 2
1 3 2
1 3 2
1 3 2
1 3 2
1 3 2
1 3 2
1 3 2
1 3 3
1 3 2
1 3 2
1 3 2
1 3 2
1 3 2
1 3 2
1 3 2
1 3 7 2
1 3 2
1 3 2
1 3 2
1 3 2
1 3 2
1 3 2
1 3 2
1 5 2
1 5 2
1 5 2
1 3 3 3
1 3 3 2
1 3 3
1 3 3
1 3 3
1 3 3
1 3 3
1 3 3
1 3 3
1 3 3
1 3 3
1 3 3 3
3 3 3 3
1 3 3 3
1 3 2
1 3 2
1 3 2
1 3 2
1 3 2
1 3 2
1 3 2
3 4 2
1 3 4 2
1 5 2
1 5 2
1 3 2
1 3 3
1 3 2
1 3 2
1 3
1 3 2
1 3 2
1 3 2
1 3 2
3 3 3
1 3 2
